time,x,y,z,phi,theta,psi,x_velocity,y_velocity,z_velocity,phi_velocity,theta_velocity,psi_velocity,rotor_speed1,rotor_speed2,rotor_speed3,rotor_speed4
0.06,-8.874273957346915e-08,-1.0229867566564769e-07,10.005579131610197,6.282988100121365,9.043176839362843e-05,0.0,-8.32822922132082e-06,-1.3600379509935097e-05,0.18595835024074242,-0.010840026423470282,0.004363182061927101,0.0,462.4266381293792,462.7701182845915,464.56964571934276,463.7191219028401
0.12000000000000001,-3.2978511877947925e-06,-6.7698654535814484e-06,10.017634049502673,6.282394518595833,0.0005081355789480213,0.0,-0.00013018423909892516,-0.00026558436929684085,0.21586673818161872,-0.008063277690539734,0.011709253068268703,0.0,414.44739023451604,415.0923396640277,413.3238485729973,413.5685668797575
0.18,-2.615692627135517e-05,-4.2879783425948525e-05,10.036509382511024,6.281360011798952,0.0012082416111933725,0.0,-0.0007134120176962072,-0.0010086533999909327,0.4132597011740382,-0.05085589676397089,0.011586671030141753,0.0,467.5796476644699,467.5699689669341,467.7978183374848,464.45409319763166
0.23999999999999996,-9.526274186760534e-05,-0.00015010102324042792,10.063276392384466,6.278536315954625,0.0019739889068235428,0.0,-0.001660979078297117,-0.002849167319031636,0.4789473410577987,-0.040388392906862705,0.015015967108443657,0.0,425.46751653978555,425.7608603680193,426.07479559595134,426.9671590586584
0.3,-0.00023710933447519092,-0.0004217107139224949,10.094099871188568,6.276104287471629,0.002707388526139276,0.0,-0.0031475135377661743,-0.006441012752058283,0.5484691957208535,-0.04082615607270445,0.005953791539610445,0.0,428.3698968608118,427.59860270768877,426.78941858082527,426.7511301252239
0.36000000000000004,-0.00048155621748091897,-0.0009593857945611751,10.129413153024835,6.273588275444576,0.002983353060670879,0.0,-0.005032114114195486,-0.011727043344181454,0.6285969922115655,-0.04424504907885959,0.0017427288778718718,0.0,430.9426498131494,430.5865213021341,431.14850896646317,430.85858862946543
0.4200000000000001,-0.0008612173991018195,-0.0019236945283421468,10.175303837330516,6.270859010668708,0.0032272722937332077,0.0,-0.00764541752713379,-0.020757943120853144,0.9009142312561933,-0.04809593053081998,0.008347283982934231,0.0,488.73877494367696,489.2306344877773,489.1277140386583,488.83988175378107
0.48000000000000015,-0.00139197755124779,-0.0034486692729509033,10.233424709282264,6.267739775010389,0.003495523996710048,0.0,-0.01008898200864825,-0.030393573602628062,1.03633028699777,-0.06119695411421684,-0.004701377727527502,0.0,449.8496709479102,448.79187785820994,448.9180084320803,447.8520378658024
0.5400000000000001,-0.0020756849861439533,-0.005638434703427924,10.300699501723459,6.264631879188869,0.0028222253563345845,0.0,-0.012652723619893374,-0.04297152498711049,1.205992738038007,-0.03763374421615391,-0.0293072509898651,0.0,460.8756691453553,458.9270548738516,458.34243397702187,460.2092766913879
0.6000000000000002,-0.002892457864252572,-0.008650408229551538,10.378251730910144,6.262152886873103,0.0014838002931618632,0.0,-0.014401017173450327,-0.05768971847232504,1.37888387478626,-0.04994237019133833,-0.011077484398853067,0.0,460.70869986198613,462.1476131329358,460.9254980615304,459.9509476406156
0.6600000000000003,-0.0037906283873386814,-0.012652684002971426,10.468382099497681,6.259247436663294,0.0008186642716330184,0.0,-0.015455354353071306,-0.07607737177331333,1.6251363391066322,-0.0455495557423818,-0.011101837329777153,0.0,483.22150126960076,483.2198006766176,482.5528281463402,482.88304404567543
0.7200000000000003,-0.0047321289376197895,-0.017716190794062545,10.568671576644753,6.257200507969516,6.2829988982164835,0.0,-0.01584709339719491,-0.09293766757765906,1.717705033849523,-0.01771020450797146,-0.03152490051752902,0.0,437.1205244911781,435.41543154899256,436.9925293097985,439.30617237222214
0.7800000000000004,-0.005672889740598098,-0.02381088876485187,10.673874324841032,6.256292046946456,6.281583010664962,0.0,-0.0153533581479827,-0.11031223946013369,1.788940880822143,-0.01044297037242594,-0.011191674550738676,0.0,430.1106029753285,431.82895477626863,430.0791382212316,430.6942624690406
0.8400000000000004,-0.0065507747681220595,-0.03110836118535535,10.78866920216845,6.255633951084267,6.280499255333421,0.0,-0.01380863181906652,-0.13300573167517216,2.0371432161331127,-0.012040110258249243,-0.0376262301939397,0.0,486.47929573121843,484.4960404630932,484.0212741833554,483.9012047470939
0.9000000000000005,-0.007309810959188887,-0.03971586464456542,10.915879232685365,6.25494693233968,6.2788139796799705,0.0,-0.011278521180479426,-0.15398174549829582,2.2028825672083236,-0.0102960721047985,-0.013760472758469236,0.0,459.948718191201,461.83457206920014,461.66851734537556,461.80622699174955
0.9600000000000005,-0.007897102759951853,-0.04951540231948187,11.050151141791181,6.254384273653255,6.277964493321257,0.0,-0.008216785288821244,-0.17272369587827074,2.272708156261883,-0.0076012928577589315,-0.014965443633451788,0.0,432.26949642679705,432.1680518700802,431.8173740692509,432.0447483056618
1.0200000000000005,-0.008281644458033456,-0.06046068226670555,11.188973596949157,6.253740698985272,6.276970047244678,0.0,-0.004508377812067298,-0.1921685788761457,2.3545384891989807,-0.017851689249471205,-0.02000267308163441,0.0,436.9208987528647,436.50082745769487,436.18066032354676,435.32391926682163
1.0800000000000005,-0.008386177335299977,-0.07275778398518558,11.338443761833444,6.252172206354743,6.27614443457956,0.0,0.0011465214583154988,-0.2178732125675577,2.627207239862713,-0.05303005990469433,-0.0035353717022493366,0.0,494.35754431050117,495.569512044576,493.8760006340022,491.27434777438964
1.1400000000000006,-0.008137022791818665,-0.08663597486838258,11.503886216795662,6.249058820761718,6.275967294117532,0.0,0.0071786736622434615,-0.24510920306838402,2.8869064908713744,-0.049702251870142454,-0.0018109746926611688,0.0,491.52347626501154,491.65131146202833,490.8786652945748,491.12408273666466
1.2000000000000006,-0.007564846322565713,-0.10202597593927987,11.679115785096394,6.24600791375839,6.276631433835018,0.0,0.011858010140235808,-0.26817828972381264,2.9538947979443524,-0.05324455703432658,0.028945983828386344,0.0,433.2742017789472,435.852346835095,434.6829498222737,434.3842836057202
1.2600000000000007,-0.006719161686402241,-0.11893136738454828,11.860228234335676,6.242965422716225,6.278495474274553,0.0,0.01613759822619859,-0.29565356548943184,3.082832094614453,-0.046066524440836205,0.03500353787093869,0.0,454.2578536537567,454.74365602932505,453.99789217752175,454.5718763361618
1.3200000000000007,-0.005673195854092594,-0.13740659593347931,12.045574652099516,6.240428103506638,6.280370545788921,0.0,0.01854943305488833,-0.32042221329390974,3.0953349377824853,-0.035640740946057604,0.022430766583518516,0.0,419.0820057588537,417.98811533861,416.8061578948016,417.71522113383446
1.3800000000000008,-0.004511788093979042,-0.15744644489844806,12.232483364249719,6.2389276426121345,6.281635658997777,0.0,0.020042138239160276,-0.34773344564456576,3.134836700741884,-0.0094572834704895,0.018248647410761897,0.0,426.64514604697484,426.28793508738306,426.26395412771893,428.4954447777375
1.4400000000000008,-0.0032829499493582832,-0.17918577222718995,12.422593414680257,6.2379352386657825,6.282951956746622,0.0,0.020800804192491463,-0.3769740143400494,3.2019719029480562,-0.03704798131898921,0.02844972160731608,0.0,435.6901131602979,436.54220800316506,437.27145237006494,434.9668741609228
1.5000000000000009,-0.0020366751167583187,-0.2028326768385524,12.619511395898309,6.235631564262686,0.001226286526568643,0.0,0.020564303981646843,-0.4114874052327322,3.361487145438715,-0.04123302496120357,0.014450286395031521,0.0,465.05967331597975,463.96187604093905,465.9810990195965,465.65317633547886
1.560000000000001,-0.0008337361346548265,-0.22856472290157528,12.825269234415824,6.235117828781117,0.002645201024177979,0.0,0.01940680269057624,-0.4463539358934478,3.4966909227726197,0.022706689590884926,0.03758388081590114,0.0,457.8754779747302,459.7123109149062,456.2387510926788,461.3154201317864
1.620000000000001,0.0002662940091367375,-0.25633581047494475,13.038028682179442,6.23637867571027,0.005706756388888401,0.0,0.016982415770448813,-0.4792043398606478,3.5949877692034238,0.017394099509169737,0.06944398332978208,0.0,446.9411934093492,449.5319536780656,448.5203227604352,448.0886212146052
1.680000000000001,0.0011785627687233545,-0.2858594635430356,13.252518151199187,6.2371748971950645,0.009614384921619923,0.0,0.013095659767672827,-0.5048509938954251,3.5547862936212717,0.003388473139265695,0.05468239012042726,0.0,404.3996138171355,403.07119615577903,403.87880348594706,402.6134455407718
1.740000000000001,0.0017082250758406066,-0.3173046310554187,13.473127110788242,6.237320539803179,0.013192331134960433,0.0,0.004143115936914523,-0.5432673628999077,3.7980592396021606,0.00043219880909811203,0.06804151037099218,0.0,491.07867362129167,492.0707382937548,492.05033800760543,491.8313785075878
1.8000000000000012,0.0016215598730535607,-0.35100806446172655,13.707357474384233,6.2370688899185875,0.016931251756104437,0.0,-0.007489542936828043,-0.580161806478368,4.008889646365643,-0.015585552531402092,0.047275682948505315,0.0,485.1148893239737,483.55538255762167,484.29796330590625,483.09169152426523
1.8600000000000012,0.0007984867825131852,-0.38681452984837517,13.951611209750089,6.236140843588789,0.019464443140381427,0.0,-0.020224636453280598,-0.6134681376788461,4.132444935937535,-0.015232261564482338,0.029469179522711744,0.0,460.37334819765647,458.9630274530465,459.5561086434777,459.584221681726
1.9200000000000013,-0.0008092012526287899,-0.42456950687702943,14.201785216805089,6.235088702597238,0.021238498722660815,0.0,-0.03353333340766874,-0.645117890374872,4.206402642821103,-0.02259381592358667,0.029763664129022083,0.0,445.60720243281565,445.63154076931335,445.14166057220854,444.5388577619521
1.9800000000000013,-0.0034265350650862295,-0.4646408476685832,14.46453799987962,6.2335035319389664,0.02291917639872132,0.0,-0.0539223470036322,-0.6907343276622451,4.550687686369714,-0.03544630878470341,0.024254123971188285,0.0,523.84670359198,523.4634997339493,524.6017509947934,523.7084498573913
2.0400000000000014,-0.00704915419669772,-0.5069258469396957,14.736550198342254,6.232464575647313,0.025243965016474412,0.0,-0.06699785365565632,-0.7188949016399807,4.51650263732187,0.0051846458704174515,0.058151033403852415,0.0,412.0360662206571,415.0231164981818,411.7190127851526,415.2985539629494
2.1000000000000014,-0.01161944831137032,-0.5511451397262161,15.01110995979506,6.233334949539014,0.028600174157782376,0.0,-0.08569199948401826,-0.7549966298281529,4.635001033746997,0.028585693117612953,0.051095431469698645,0.0,462.2828262115124,461.7284530497999,461.3280198597349,463.1721997755592
2.1600000000000015,-0.01742439622413465,-0.5975805853795682,15.294234443248202,6.235249860975292,0.032206688971228026,0.0,-0.10816422930410823,-0.7926210861253796,4.801786654305153,0.0378567762939259,0.07382367214791086,0.0,476.4600733270995,478.1969066508687,477.33437166906776,478.04171048074153
2.2200000000000015,-0.024596062680379265,-0.646130631003221,15.585283606866538,6.237288610050422,0.03695515047342646,0.0,-0.13134603169771145,-0.8254816659130887,4.89942783054298,0.024806393850067852,0.08807700498752956,0.0,457.45231725843706,458.59077727156637,458.8935136708082,457.8567044765916
2.2800000000000016,-0.03312244097962064,-0.6964502069782514,15.878582787279138,6.238461905166837,0.041932700823642755,0.0,-0.15330352119866525,-0.8517351175598807,4.87729077986431,0.00615347351906095,0.07001155735656443,0.0,421.94086393325637,420.3840211172703,421.44664031363203,419.8310688485666
2.3400000000000016,-0.04299610294935815,-0.7482758806218995,16.169341614650353,6.238401569277304,0.04645372055703856,0.0,-0.17617137737673497,-0.8757882650018287,4.814914683720921,-0.021867788237887688,0.08431698115966922,0.0,406.6973252091775,407.98176638976815,408.1097653551183,405.60056614714557
2.4000000000000017,-0.05446742497105821,-0.801694779709963,16.459534189089432,6.23741989750307,0.05229794545720523,0.0,-0.20671477018360218,-0.9049430702453731,4.8579444125231745,-0.007152961724516811,0.11547269098502261,0.0,439.7376266889055,442.319050480696,441.22894965370205,442.4423250236313
2.4600000000000017,-0.06762483677184344,-0.8566547369081962,16.74739690870032,6.237078759851414,0.05964335217522976,0.0,-0.23239089866948,-0.9271108661185754,4.737948755300783,-0.0029014864153327855,0.13358047337767615,0.0,386.39224281078936,388.111612885765,385.94790932146145,386.34912910162524
2.520000000000002,-0.08256285395914496,-0.913051464485986,17.03024663903916,6.236612505479281,0.06746747378405438,0.0,-0.266190904570769,-0.9528180287355622,4.69051840021876,-0.019924847694743387,0.12314511448795432,0.0,411.1690587004835,410.2604378942714,412.3552763377599,410.84857181758207
2.580000000000002,-0.10014069719728672,-0.9713316500049897,17.317293649125574,6.236005981271987,0.07468249648842118,0.0,-0.3205209483784347,-0.9899193139780019,4.876849064617819,0.004536919303230984,0.11372798015195272,0.0,484.1504600552243,483.4530466323622,483.6942843115535,485.53326921228154
2.640000000000002,-0.12079028825699842,-1.0316283720232704,17.610864350511225,6.236530772984107,0.08137385295160993,0.0,-0.36840872582589457,-1.0199335818505275,4.908638722719037,0.01605947833997694,0.10670506711201017,0.0,439.00399576389475,438.4319759350775,438.64093228894524,439.5968038301216
2.700000000000002,-0.14506299749971832,-1.0940676092497477,17.91389952139014,6.237305066264298,0.08754896353777664,0.0,-0.44138901337494685,-1.0612092662587398,5.191197309188198,0.00570173823523723,0.09400899626013125,0.0,513.2432356914935,512.3488623084364,514.3668046284392,513.6325497888355
2.760000000000002,-0.17351609110917635,-1.158783140300833,18.22986572483571,6.238041645249297,0.09299609136366005,0.0,-0.5075904425584652,-1.0958884156195199,5.340239494952401,0.022947087897932372,0.08340665239017528,0.0,479.0664364171328,478.26570478161256,476.80405475215275,478.11981282047714
2.820000000000002,-0.20612914379694292,-1.2255941366103091,18.555501028221762,6.239005229852513,0.09816181310180117,0.0,-0.5800050885416479,-1.130977176227714,5.513365992170249,-0.003577412155870629,0.09099016840988755,0.0,485.9019773830027,486.4756302478314,488.0192487999773,486.03501634039463
2.880000000000002,-0.24273870571686895,-1.2942878442301626,18.886805431942616,6.239429116370456,0.10397220074969216,0.0,-0.6408099409360903,-1.1588012063955662,5.529947105909398,0.022627424947544994,0.10652106586863727,0.0,441.2058435118345,442.49443138066914,438.8195238142194,440.9897955175493
2.940000000000002,-0.2832424627302709,-1.364697233746553,19.220394975354353,6.2405026567789985,0.11034495150691281,0.0,-0.7098943115589744,-1.1880550276005017,5.589316023742217,0.006164125632215407,0.10558869109199623,0.0,454.81828221559726,454.75318736693504,455.30845068701876,453.98910614178914
3.000000000000002,-0.3279733920314434,-1.4368301038724105,19.55715608715513,6.240953340540472,0.11708051582373002,0.0,-0.7817243970640788,-1.21633153965552,5.635710447982362,0.010078337161783699,0.12304966334624784,0.0,450.5007522290949,451.92146857797064,451.6277694233408,451.94330939360617
3.0600000000000023,-0.3766515948007416,-1.510476756398098,19.89253337450346,6.241674969701435,0.12401995540366606,0.0,-0.8414659256797771,-1.2385342333414588,5.543880708421647,0.015664660692144658,0.09372406614925338,0.0,408.42514324327004,405.8134501902858,406.11079760332615,406.6115680799573
3.1200000000000023,-0.42945090939061537,-1.5855895387912846,20.225864970627025,6.242141772136357,0.1300921554737009,0.0,-0.9190258801716894,-1.2651561170663728,5.566940979370517,-0.016741108918575845,0.11304179097749564,0.0,442.505559920282,444.1019240939816,446.3462648909252,443.6931997610777
3.1800000000000024,-0.4876498570497523,-1.6624960301351526,20.565334208020147,6.241218826765749,0.1368941107617232,0.0,-1.0215862762585948,-1.2984668885209854,5.747612306832985,-0.012794915607671289,0.11400585325432669,0.0,492.0876628370214,492.1691013897332,492.3768327545361,492.66886067471614
3.2400000000000024,-0.551375037004279,-1.7411846578122003,20.909976300001208,6.240324812824586,0.1437470775890075,0.0,-1.1031749020537036,-1.3245625682353848,5.740331432354312,-0.01948349373984263,0.114632970853017,0.0,438.2156345306453,438.279598621899,436.5105290964685,435.95199194723574
3.3000000000000025,-0.6201609566322159,-1.821470178570868,21.254469237763544,6.238957710529242,0.15083720515918753,0.0,-1.1902919866209365,-1.3517318797134592,5.742571415232672,-0.03037604279478289,0.12443372380468723,0.0,440.781456580985,441.60341052915345,440.4724555524863,439.57048335049404
3.3600000000000025,-0.6947039930133896,-1.903529570755177,21.601690922521833,6.2371031367922924,0.1583464980011815,0.0,-1.2951464632934144,-1.3837426584635901,5.830798130108099,-0.031998341542174305,0.126558142749682,0.0,467.09374496239934,467.27282068640875,468.7514285619975,468.62504980359887
3.4200000000000026,-0.7753748541451296,-1.987456595438144,21.952209999021438,6.2349142073453745,0.16568264827605894,0.0,-1.3945296603236077,-1.4140005412869947,5.852820950629908,-0.047432462369318376,0.11191373828521645,0.0,449.43453083447275,448.25903978391074,449.4316301246708,448.17803371817155
3.4800000000000026,-0.8620978819898033,-2.073229929874888,22.303764900077773,6.23189944295814,0.17244286167465983,0.0,-1.4968151420716649,-1.4453622184791477,5.86536399616919,-0.056566367458251596,0.11414052117615961,0.0,446.1561460744405,446.3491707208451,447.24232632150677,446.49601387755115
3.5400000000000027,-0.9555280931310098,-2.1610714265488946,22.65858430807227,6.229534054976845,0.1790040878818937,0.0,-1.6181040731706238,-1.482933545726583,5.961157157472341,-0.017719705148988973,0.09747559771023644,0.0,473.95551082124405,472.68234369766884,471.30090093219326,474.2933687054151
3.6000000000000028,-1.0561245195224436,-2.2511366295625876,23.017780595407725,6.228564785318465,0.1850544853530387,0.0,-1.7356135635383736,-1.51932060858621,6.011526042284068,-0.013194836113979461,0.10683387532260456,0.0,460.57412925438115,461.3221746104984,460.36988090971545,460.7279465817678
3.660000000000003,-1.1636423294645324,-2.3433312165786973,23.37864780398938,6.228032094498634,0.19174165054775294,0.0,-1.8488740458971835,-1.553887938071252,6.017083807724054,-0.0014034147004926565,0.11937281732593295,0.0,446.5263076127311,447.55910238714847,447.99495690202514,448.9530268917969
3.720000000000003,-1.2783947499337314,-2.4376976010653584,23.741426794954062,6.227626133128503,0.19905340081121903,0.0,-1.9768237948496528,-1.5916605504439372,6.074922595821467,-0.020544905652293124,0.12642302360310223,0.0,465.04273189662445,465.6074224728171,465.07009748112284,463.5681814968425
3.780000000000003,-1.4003590568373012,-2.534175080324338,24.10463657921851,6.227012155668074,0.20669830837284486,0.0,-2.0893022027706625,-1.6243366639705297,6.03199461642737,0.004966921760250827,0.12932703416388688,0.0,433.895514161691,434.1545353057817,432.92259345555925,435.06448709157274
3.840000000000003,-1.529195662930178,-2.632619056853788,24.465212134319522,6.227612254256073,0.21458428820685516,0.0,-2.2059199063277,-1.6571073924459148,5.987117741961676,0.018536679233106514,0.1353393660850491,0.0,432.6344046115508,433.15678603683915,433.6090173282285,434.7476651222851
3.900000000000003,-1.6655201598843723,-2.733109505103284,24.824684841612317,6.2288225516618425,0.22309202518678983,0.0,-2.3389401278112354,-1.6924711813590083,5.994899399903937,0.02325567500928542,0.1522982710964499,0.0,449.52798248642705,450.9186443738795,451.31967142867023,451.700441979464
3.960000000000003,-1.8093783639802206,-2.835558031555011,25.181933141785144,6.230279189067577,0.23203799052516505,0.0,-2.4570985846705917,-1.7224004548448353,5.91346121201777,0.02624576638978325,0.14179022160242932,0.0,422.7759909866538,421.8914931796456,422.16704243392854,422.42514115217693
4.020000000000002,-1.9601157978854382,-2.9397053013669994,25.532790438885044,6.231634597842088,0.24065322650861187,0.0,-2.568218854548487,-1.749117991448054,5.782144248051513,0.014037843912608969,0.14695496532819236,0.0,403.5817007038604,404.06919986326596,406.1120759186518,405.01537743541655
4.080000000000001,-2.118870130878326,-3.0456964422254296,25.880683840894022,6.23234355114853,0.24917835996486382,0.0,-2.7243254435835604,-1.7838379060690637,5.813672004919842,0.006953817802243169,0.12995026729557643,0.0,459.4807527800303,458.1483157848963,458.63961446986656,458.0763847618478
4.14,-2.287938831389066,-3.153916768085215,26.23348722736893,6.23262749614544,0.25655811533779094,0.0,-2.911901472849172,-1.8234267384616836,5.94520770418615,-0.00012868756417857815,0.10309444638841653,0.0,490.9732640732783,488.98809981149657,491.21638872559146,490.6907099730309
4.199999999999998,-2.467963603602853,-3.26442011270604,26.59238978913925,6.233528233621406,0.2625537526754158,0.0,-3.089395584039968,-1.8599426382035804,6.017342983238145,0.035006697122698834,0.09269767090615075,0.0,475.00826106198787,474.2179934323643,474.08378193905094,476.7763503486608
4.259999999999997,-2.65748728966226,-3.3768595930490366,26.950849389902196,6.235893232624777,0.2676901094143549,0.0,-3.2285938332752657,-1.8879066989294948,5.931418802736162,0.04702986727947945,0.06507698213007283,0.0,427.51751625238444,425.16302666911656,424.58245408655773,425.6138435302185
4.319999999999996,-2.8563767183893596,-3.491101662483273,27.307494751835453,6.2388883829978425,0.27184099365275394,0.0,-3.40138828252915,-1.9199041002802957,5.956235024034553,0.05514686487888717,0.07633094326772426,0.0,461.2559035235846,462.1474089043429,461.67827676526497,462.31986729202487
4.379999999999995,-3.0650484397236695,-3.6071057635685806,27.663171667905882,6.241739948046204,0.27681886350623763,0.0,-3.554814924505639,-1.946679098334909,5.899590317128922,0.0244260751942826,0.09370788815663217,0.0,435.4325274364971,436.88980812831204,438.181997153465,435.6212505413404
4.439999999999993,-3.282647695729964,-3.724626030817602,28.01409866453619,6.2438949910828505,0.2825103294127951,0.0,-3.69907316211002,-1.9705601548866398,5.798114911513448,0.05238290000115204,0.09706207745077379,0.0,421.16120437752147,421.459467667927,420.4588224847792,422.8752006298014
4.499999999999992,-3.5089090134921497,-3.843535752061216,28.35857892549329,6.246663072523026,0.2880710478840758,0.0,-3.843573674551204,-1.9929244468724796,5.684759885521071,0.02914178590158403,0.08203807436471776,0.0,417.94379231655927,416.6396908079603,417.78278892907207,415.75220984068767
4.559999999999991,-3.743940767025984,-3.963756600271387,28.696236147939835,6.2483800827883975,0.29323967213254676,0.0,-3.9913841667303327,-2.014347333278225,5.570665451656148,0.027545892281508163,0.09329417077465402,0.0,415.5426821602551,416.5351128886509,416.6800805150752,416.5407904976665
4.6199999999999894,-3.99009216203642,-4.085487651919611,29.034116089295814,6.250087572349745,0.2987197052280228,0.0,-4.214045358280677,-2.043159516323179,5.690732545977859,0.030222711046005896,0.08709612349711032,0.0,492.5356904478993,492.08309579293064,491.0644928060088,491.26319401974445
4.679999999999988,-4.248382593840927,-4.208769867680931,29.37475240811012,6.251627754967458,0.30431952361946024,0.0,-4.396152989125025,-2.066118514931362,5.663411339291819,0.014506790842032626,0.10353789742464176,0.0,446.5894064632115,447.9360141565665,449.8603340114704,448.58574753489677
4.739999999999987,-4.518976238820406,-4.333534646197491,29.717680132084702,6.252042286681469,0.3101101281762011,0.0,-4.624067267563147,-2.0926141667815394,5.766228627778699,-0.016088645932384352,0.0762732020322525,0.0,490.9085250158734,488.8875053030112,491.35276023112095,489.07875153659575
4.799999999999986,-4.801717173566293,-4.459727078493234,30.061531431226044,6.250954429849994,0.3148983527860141,0.0,-4.801146348731239,-2.113886260471506,5.6952924413240895,-0.02256475176855089,0.086062261749967,0.0,437.01503723356484,437.8356405664337,437.64987892607957,437.1104273873945
4.859999999999984,-5.095504669189456,-4.5872464238104795,30.40204657875976,6.249441853313325,0.3197638563218499,0.0,-4.992275685569258,-2.1368729807484224,5.654784460705385,-0.03110660181547183,0.06862365672396585,0.0,449.09031032999667,447.67836179311337,448.0592792861967,447.3639981051378
4.919999999999983,-5.401608720672215,-4.716247998244332,30.742306809277352,6.247547902475947,0.3240340393690033,0.0,-5.211541834268043,-2.163333212435104,5.686336532055017,-0.032500356594205804,0.07582688475648408,0.0,471.96700097520517,472.52630374875616,472.1493548556614,472.0414976600559
4.979999999999982,-5.721043639549615,-4.846879077988166,31.084578750310786,6.245920055443099,0.32888962652857057,0.0,-5.436673870345256,-2.1911775503072515,5.7217541890925645,-0.018117050730213732,0.08955046528513594,0.0,474.9620214202252,476.0183880892731,474.521828261642,475.62480804492753
5.0399999999999805,-6.053083118483306,-4.9790960941117985,31.42589751161471,6.245039123421371,0.3342530308490037,0.0,-5.631889572196413,-2.216135764310268,5.655180305855477,-0.00857197979865867,0.08906756835978864,0.0,444.52967619703816,444.49675590406963,443.95113606928356,444.73395529182596
